vertices
(
(-0.10997553528743843  0  0) //0
(-0.10997553528743843 0.03685376875161472 0.0008041520948289799) //1
(-0.06083717695195215 0.03685376875161472 0.0008041520948289799) //2
(0.0379316595176486 0.02223034565193797 0.0004850678676924996) //3
(0.0379316595176486 0  0) //4
(-0.06083717695195215 0  0) //5
 
(-0.10997553528743843 0.03685376875161472 -0.0008041520948289799) //6
(-0.06083717695195215 0.03685376875161472 -0.0008041520948289799) //7
(0.0379316595176486 0.02223034565193797 -0.0004850678676924996) //8
(0.5  0.02223034565193797 0.0004850678676924996) //9 
(0.5  0 0) //10 
(0.0379316595176486  0.2245579482017711 0.004899871860433266) //11 
(0.5  0.2245579482017711 0.004899871860433266) //12 
(0.5  0.02223034565193797 -0.0004850678676924996) //13 
(0.0379316595176486  0.2245579482017711 -0.004899871860433266 ) //14 
(0.5  0.2245579482017711  -0.004899871860433266) //15 
);

blocks
(
    hex (0 6 1 0 5 7 2 5) (60 1 10) simpleGrading (0.1 1 0.1) //block 0 
    hex (5 7 2 5 4 8 3 4) (60 1 100) simpleGrading (0.1 1 0.2) //block 1 
    hex (4 8 3 4 10 13 9 10) (60 1 100) simpleGrading (0.1 1 25) //block 2 
    hex (3 11 12 9 8 14 15 13) (48 100 1) simpleGrading (50 25 1) //block 3 
);

edges
(
polyLine 2 3 
 ( 
(-0.06083717695195215 0.03685376875161472 0.0008041520948289799)
(-0.06023892509333083 0.03685115836887642 0.0008040951360750066)
(-0.059640718793904764 0.03684332741945227 0.0008039242641507165)
(-0.05904260360939972 0.03683027649969938 0.0008036394920686681)
(-0.058444625088602674 0.036812006603495824 0.0008032408415153579)
(-0.057846828769893166 0.036788519122164944 0.0008027283428495693)
(-0.057249260177775325 0.036759815844369347 0.0008021020351000593)
(-0.056651964819411024 0.0367258989559748 0.0008013619659625885)
(-0.05605498818115433 0.03668677103988365 0.0008005081917962867)
(-0.055458375725087515 0.03664243507583822 0.0007995407776193625)
(-0.05486217288555901 0.036592894440193806 0.0007984597971041508)
(-0.05426642506572333 0.03653815290566161 0.0007972653325715028)
(-0.05367117763408349 0.03647821464102143 0.0007959574749845171)
(-0.05307647592103599 0.0364130842108042 0.0007945363239416131)
(-0.052482365215418776 0.03634276657494432 0.0007930019876689445)
(-0.05188889076106227 0.03626726708840202 0.000791354583012159)
(-0.05129609775334389 0.036186591500755504 0.0007895942354274996)
(-0.05070403133574628 0.03610074595576312 0.00078772107897225)
(-0.05011273659641942 0.03600973699089547 0.0007857352562945264)
(-0.049522258564746985 0.035913571536837614 0.0007836369186224148)
(-0.048932642207917224 0.03581225691696117 0.0007814262257524521)
(-0.0483439324274985 0.035705800846766715 0.0007791033460374601)
(-0.047756174056019875 0.035594211433296156 0.0007766684563737224)
(-0.04716941185355695 0.03547749717451535 0.0007741217421875136)
(-0.04658369050432316 0.035355666958666994 0.0007714633974209793)
(-0.04599905461326697 0.03522873006359369 0.0007686936245173652)
(-0.045415548702675 0.03509669615603148 0.000765812634405602)
(-0.04483321720878148 0.0349595752908736 0.0007628206464842408)
(-0.04425210447838425 0.03481737791040484 0.000759717888604746)
(-0.0436722547654676 0.03467011484350622 0.0007565045970541423)
(-0.04309371222783215 0.03451779730483046 0.0007531810165370226)
(-0.04251652092373206 0.03436043689394786 0.0007497474001569109)
(-0.04194072480851982 0.03419804559446294 0.0007462040093969883)
(-0.041366367731298884 0.034030635773101885 0.0007425511141001799)
(-0.040793493431584414 0.03385822017877075 0.0007387889924486054)
(-0.040222145535972295 0.03368081194158457 0.0007349179309423943)
(-0.039652367554816846 0.03349842457186746 0.0007309382243778673)
(-0.039084202878917305 0.033311071959123785 0.0007268501758250878)
(-0.038517694776213494 0.03311876837098037 0.0007226540966047806)
(-0.03795288638849075 0.03292152845209998 0.000718350306264624)
(-0.037389820728094554 0.03271936722306607 0.000713939132554915)
(-0.036828540674654936 0.03251230007923895 0.0007094209114036103)
(-0.03626908897182104 0.032300342789583304 0.0007047959868907437)
(-0.03571150822400606 0.03208351149546738 0.0007000647112222232)
(-0.035155840893142686 0.0318618227094337 0.0006952274447030081)
(-0.03460212929544953 0.03163529331394164 0.0006902845557096728)
(-0.03405041559820854 0.0314039405600817 0.000685236420662351)
(-0.03350074181655379 0.0311677820662618 0.0006800834239960708)
(-0.03295314981027192 0.030926835816865596 0.0006748259581314799)
(-0.03240768128061429 0.030681120160882813 0.0006694644234449582)
(-0.031864377767121296 0.030430653810511993 0.0006639992282381304)
(-0.03132328064445898 0.030175455839735445 0.000658430788706771)
(-0.03078443111926818 0.029915545682866668 0.0006527595289091093)
(-0.03024787022702647 0.029650943133070394 0.0006469858807335359)
(-0.02971363882892318 0.02938166834085524 0.0006411102838657131)
(-0.02918177760874764 0.029107741812539174 0.0006351331857550906)
(-0.028652327069790942 0.02882918440868789 0.0006290550415808311)
(-0.028125327531761488 0.028546017342526146 0.0006228763142171455)
(-0.027600819127714456 0.02825826217832237 0.0006165974741980449)
(-0.027078841800995533 0.027965940829746412 0.000610218999681506)
(-0.026559435302199064 0.027669075558200723 0.0006037413764130586)
(-0.026042639186140894 0.02736768897112509 0.0005971650976887936)
(-0.025528492808846115 0.027061804020274992 0.000590490664317797)
(-0.02501703532455197 0.026751443999973715 0.0005837185845840113)
(-0.024508305682726064 0.026436632545338408 0.0005768493742075271)
(-0.02400234262510026 0.02611739363048019 0.0005698835563053101)
(-0.023499184682720296 0.025793751566678416 0.0005628216613513627)
(-0.022998870173011554 0.02546573100052927 0.0005556642271363269)
(-0.022501437196860985 0.02513335691206884 0.0005484117987265291)
(-0.02200692363571563 0.02479665461287081 0.0005410649284224719)
(-0.021515367148697742 0.02445564974411886 0.0005336241757167735)
(-0.021026805169736935 0.024110368274653994 0.0005260901072515603)
(-0.020541274904719478 0.023760836498996935 0.0005184632967753155)
(-0.020058813328654848 0.02340708103534564 0.0005107443250991847)
(-0.01957945718285998 0.023049128823548322 0.0005029337800527472)
(-0.01910324297216128 0.02268700712305175 0.0004950322564392473)
(-0.018630206962114648 0.02232074351082545 0.00048704035599030044)
(-0.018160385176243653 0.02195036587926151 0.00047895868732006743)
(-0.017693813393296322 0.02157590243405058 0.0004707878658789075)
(-0.017230527144520287 0.021197381692033786 0.0004625285139065074)
(-0.01677056171095711 0.020814832479031146 0.0004541812603844976)
(-0.016313952120755357 0.020428283927646326 0.0004457467409885514)
(-0.015860733146503193 0.020037765475048104 0.0004372255980399765)
(-0.015410939302580173 0.019643306860728578 0.0004286184804567989)
(-0.014964604842528996 0.01924493812423847 0.0004199260437043471)
(-0.014521763756446834 0.018842689602899393 0.0004111489497453336)
(-0.014082449768396925 0.01843659192949361 0.0004022878669894451)
(-0.013646696333840335 0.01802667602993123 0.00039334347024244074)
(-0.013214536637088178 0.017612973120895048 0.00038431644065476224)
(-0.012786003588774552 0.017195514707463312 0.0003752074656696624)
(-0.012361129823350211 0.01677433258071047 0.00036601723897085336)
(-0.0121435157017045 0.016560483778953906 0.0003613510415171215)
(-0.011922202547539177 0.016350465437503108 0.00035676842500459)
(-0.011697257774984905 0.01614434152997937 0.00035227078534264125)
(-0.011468749904398494 0.01594217484372169 0.00034785949255588595)
(-0.011236748541490921 0.015744026960661132 0.00034353589036683995)
(-0.01100132435612478 0.01554995823856238 0.00033930129578661387)
(-0.010762549060787552 0.015360027792638177 0.00033515699871373826)
(-0.01052049538874725 0.015174293477542247 0.00033110426154124833)
(-0.010275237071897203 0.01499281186974621 0.0003271443187721463)
(-0.0100268488182966 0.014815638250305855 0.0003232783766433606)
(-0.009775406289413684 0.014642826588021993 0.00031950761275831405)
(-0.009520986077078528 0.01447442952300101 0.000315833175728214)
(-0.009263665680152423 0.014310498350620208 0.00031225618482217494)
(-0.009003523480921006 0.01415108300590274 0.0003087777296262781)
(-0.008740638721218202 0.01399623204830689 0.0003053988697116725)
(-0.008475091478288453 0.013845992646934422 0.00030212063431181993)
(-0.008206962640394357 0.013700410566162393 0.00029894402200898024)
(-0.007936333882177371 0.013559530151702895 0.0002958700004300334)
(-0.007663287639778881 0.01342339431709491 0.00029289950595173103)
(-0.007387907085729374 0.013292044530632431 0.00029003344341546703)
(-0.007110276103613294 0.013165520802732837 0.00028727268585165415)
(-0.006830479262517261 0.013043861673749305 0.0002846180742137904)
(-0.006548601791269532 0.012927104202231062 0.00028207041712229644)
(-0.006264729552478447 0.012815283953634989 0.00027963049061820205)
(-0.005978949016377881 0.01270843498949203 0.0002772990379267564)
(-0.005691347234487542 0.01260658985703174 0.00027507676923103485)
(-0.005402011813096266 0.012509779579268058 0.0002729643614556094)
(-0.005111030886576255 0.012418033645549413 0.000270962458060352)
(-0.004818493090536524 0.012331380002575982 0.0002690716688444297)
(-0.00452448753482363 0.012249845045886843 0.00026729256976055414)
(-0.004229103776377929 0.012173453611819653 0.00026562570273954073)
(-0.003932431791953691 0.012102228969945247 0.00026407157552523137)
(-0.003634561950711306 0.012036192815979509 0.00026263066151983075)
(-0.003335584986689946 0.011975365265174646 0.0002613033996397034)
(-0.003035591971169099 0.011919764846191885 0.0002600901941816755)
(-0.002734674284927398 0.011869408495457453 0.00025899141469988205)
(-0.0024329235904071156 0.011824311552003601 0.0002580073958931973)
(-0.0021304318037929392 0.01178448775279617 0.00025713843750328226)
(-0.0018272910670133712 0.011749949228550183 0.00025638480422328033)
(-0.0015235937196734287 0.0117207065000347 0.00025574672561718906)
(-0.0012194322709270858 0.011696768474868119 0.00025522439604993327)
(-0.0009148993712981093 0.011678142444804784 0.00025481797462815884)
(-0.00061008778445781 0.011664834083513894 0.000254527585151768)
(-0.0003050903589683156 0.011656847444851225 0.00025435331607620847)
(0.0 0.011654184961624273 0.00025429522048552874)
(7.769634475059787e-05 0.011654863007352736 0.00025431001549595516)
(0.0001553690224419233 0.01165689693799883 0.00025435439602053097)
(0.00023299437322391942 0.011660286134007576 0.0002544283485405185)
(0.0003105487516627644 0.011665029562997038 0.0002545318505292637)
(0.0003880085339434995 0.011671125780072795 0.0002546648704590582)
(0.00046535012506607236 0.011678572928268072 0.0002548273678107428)
(0.0005425499660326022 0.011687368739109383 0.00025501929308605)
(0.000619584541023679 0.011697510533307542 0.00025524058782268165)
(0.0006964303845615099 0.011708995221573789 0.00025549118461211737)
(0.0007730640886577305 0.011721819305560825 0.0002557710071201474)
(0.0008494623099437062 0.011735978878928435 0.0002560799701101252)
(0.0009256017767811466 0.011751469628533406 0.000256417979468931)
(0.001001459296350874 0.011768286835743347 0.0002567849322356397)
(0.0010770117617175789 0.01178642537787403 0.0002571807166328838)
(0.0011522361588684172 0.011805879729749807 0.00025760521210090184)
(0.0012271095737233018 0.011826643965386642 0.0002580582893342622)
(0.0013016091991147533 0.01184871175979721 0.0002585398103212504)
(0.0013757123417351825 0.011872076390917558 0.0002590496283859093)
(0.0014493964290494949 0.011896730741654708 0.0002595875882327176)
(0.0015226390161709 0.011922667302054595 0.0002601535259938947)
(0.0015954177926978444 0.011949878171589668 0.0002607472692793162)
(0.0016677105895099736 0.011978355061565468 0.00026136863722902556)
(0.001739495385521063 0.012008089297645448 0.00026201744056832604)
(0.0018107503143868523 0.012039071822493254 0.00026269348166543533)
(0.0018814536711657475 0.012071293198531684 0.0002633965545916864)
(0.0019515839189303543 0.012104743610817462 0.0002641264451842549)
(0.002021119695327837 0.012139412870030963 0.0002648829311113959)
(0.0020900398190870973 0.012175290415579982 0.0002656657819401677)
(0.002158323296470793 0.012212365318816592 0.00026647475920662427)
(0.0022259493276702356 0.012250626286366114 0.00026730961648845336)
(0.003654072796461342 0.013045693971508074 0.00028465805509311364)
(0.005132321202579626 0.013810781734707782 0.00030135232947388796)
(0.006660694546025087 0.014545889575965235 0.00031739243963077634)
(0.008239192826797729 0.015251017495280439 0.0003327783855637788)
(0.009867816044897542 0.015926165492653382 0.0003475101672728952)
(0.011546564200324539 0.016571333568084073 0.0003615877847581257)
(0.013275437293078708 0.01718652172157251 0.0003750112380194702)
(0.015054435323160056 0.017771729953118695 0.00038778052705692876)
(0.016883558290568583 0.01832695826272263 0.00039989565187050147)
(0.018762806195304287 0.018852206650384302 0.000411356612460188)
(0.020692179037367166 0.019347475116103727 0.0004221634088259887)
(0.022671676816757226 0.019812763659880897 0.00043231604096790347)
(0.024701299533474462 0.02024807228171581 0.00044181450888593215)
(0.026781047187518878 0.02065340098160847 0.000450658812580075)
(0.028910919778890463 0.02102874975955888 0.0004588489520503319)
(0.031090917307589234 0.021374118615567036 0.0004663849272967028)
(0.03332103977361518 0.021689507549632937 0.0004732667383191877)
(0.0356012871769683 0.021974916561756583 0.0004794943851177867)
) 
polyLine 7 8 
 ( 
(-0.06083717695195215 0.03685376875161472 -0.0008041520948289799)
(-0.06023892509333083 0.03685115836887642 -0.0008040951360750066)
(-0.059640718793904764 0.03684332741945227 -0.0008039242641507165)
(-0.05904260360939972 0.03683027649969938 -0.0008036394920686681)
(-0.058444625088602674 0.036812006603495824 -0.0008032408415153579)
(-0.057846828769893166 0.036788519122164944 -0.0008027283428495693)
(-0.057249260177775325 0.036759815844369347 -0.0008021020351000593)
(-0.056651964819411024 0.0367258989559748 -0.0008013619659625885)
(-0.05605498818115433 0.03668677103988365 -0.0008005081917962867)
(-0.055458375725087515 0.03664243507583822 -0.0007995407776193625)
(-0.05486217288555901 0.036592894440193806 -0.0007984597971041508)
(-0.05426642506572333 0.03653815290566161 -0.0007972653325715028)
(-0.05367117763408349 0.03647821464102143 -0.0007959574749845171)
(-0.05307647592103599 0.0364130842108042 -0.0007945363239416131)
(-0.052482365215418776 0.03634276657494432 -0.0007930019876689445)
(-0.05188889076106227 0.03626726708840202 -0.000791354583012159)
(-0.05129609775334389 0.036186591500755504 -0.0007895942354274996)
(-0.05070403133574628 0.03610074595576312 -0.00078772107897225)
(-0.05011273659641942 0.03600973699089547 -0.0007857352562945264)
(-0.049522258564746985 0.035913571536837614 -0.0007836369186224148)
(-0.048932642207917224 0.03581225691696117 -0.0007814262257524521)
(-0.0483439324274985 0.035705800846766715 -0.0007791033460374601)
(-0.047756174056019875 0.035594211433296156 -0.0007766684563737224)
(-0.04716941185355695 0.03547749717451535 -0.0007741217421875136)
(-0.04658369050432316 0.035355666958666994 -0.0007714633974209793)
(-0.04599905461326697 0.03522873006359369 -0.0007686936245173652)
(-0.045415548702675 0.03509669615603148 -0.000765812634405602)
(-0.04483321720878148 0.0349595752908736 -0.0007628206464842408)
(-0.04425210447838425 0.03481737791040484 -0.000759717888604746)
(-0.0436722547654676 0.03467011484350622 -0.0007565045970541423)
(-0.04309371222783215 0.03451779730483046 -0.0007531810165370226)
(-0.04251652092373206 0.03436043689394786 -0.0007497474001569109)
(-0.04194072480851982 0.03419804559446294 -0.0007462040093969883)
(-0.041366367731298884 0.034030635773101885 -0.0007425511141001799)
(-0.040793493431584414 0.03385822017877075 -0.0007387889924486054)
(-0.040222145535972295 0.03368081194158457 -0.0007349179309423943)
(-0.039652367554816846 0.03349842457186746 -0.0007309382243778673)
(-0.039084202878917305 0.033311071959123785 -0.0007268501758250878)
(-0.038517694776213494 0.03311876837098037 -0.0007226540966047806)
(-0.03795288638849075 0.03292152845209998 -0.000718350306264624)
(-0.037389820728094554 0.03271936722306607 -0.000713939132554915)
(-0.036828540674654936 0.03251230007923895 -0.0007094209114036103)
(-0.03626908897182104 0.032300342789583304 -0.0007047959868907437)
(-0.03571150822400606 0.03208351149546738 -0.0007000647112222232)
(-0.035155840893142686 0.0318618227094337 -0.0006952274447030081)
(-0.03460212929544953 0.03163529331394164 -0.0006902845557096728)
(-0.03405041559820854 0.0314039405600817 -0.000685236420662351)
(-0.03350074181655379 0.0311677820662618 -0.0006800834239960708)
(-0.03295314981027192 0.030926835816865596 -0.0006748259581314799)
(-0.03240768128061429 0.030681120160882813 -0.0006694644234449582)
(-0.031864377767121296 0.030430653810511993 -0.0006639992282381304)
(-0.03132328064445898 0.030175455839735445 -0.000658430788706771)
(-0.03078443111926818 0.029915545682866668 -0.0006527595289091093)
(-0.03024787022702647 0.029650943133070394 -0.0006469858807335359)
(-0.02971363882892318 0.02938166834085524 -0.0006411102838657131)
(-0.02918177760874764 0.029107741812539174 -0.0006351331857550906)
(-0.028652327069790942 0.02882918440868789 -0.0006290550415808311)
(-0.028125327531761488 0.028546017342526146 -0.0006228763142171455)
(-0.027600819127714456 0.02825826217832237 -0.0006165974741980449)
(-0.027078841800995533 0.027965940829746412 -0.000610218999681506)
(-0.026559435302199064 0.027669075558200723 -0.0006037413764130586)
(-0.026042639186140894 0.02736768897112509 -0.0005971650976887936)
(-0.025528492808846115 0.027061804020274992 -0.000590490664317797)
(-0.02501703532455197 0.026751443999973715 -0.0005837185845840113)
(-0.024508305682726064 0.026436632545338408 -0.0005768493742075271)
(-0.02400234262510026 0.02611739363048019 -0.0005698835563053101)
(-0.023499184682720296 0.025793751566678416 -0.0005628216613513627)
(-0.022998870173011554 0.02546573100052927 -0.0005556642271363269)
(-0.022501437196860985 0.02513335691206884 -0.0005484117987265291)
(-0.02200692363571563 0.02479665461287081 -0.0005410649284224719)
(-0.021515367148697742 0.02445564974411886 -0.0005336241757167735)
(-0.021026805169736935 0.024110368274653994 -0.0005260901072515603)
(-0.020541274904719478 0.023760836498996935 -0.0005184632967753155)
(-0.020058813328654848 0.02340708103534564 -0.0005107443250991847)
(-0.01957945718285998 0.023049128823548322 -0.0005029337800527472)
(-0.01910324297216128 0.02268700712305175 -0.0004950322564392473)
(-0.018630206962114648 0.02232074351082545 -0.00048704035599030044)
(-0.018160385176243653 0.02195036587926151 -0.00047895868732006743)
(-0.017693813393296322 0.02157590243405058 -0.0004707878658789075)
(-0.017230527144520287 0.021197381692033786 -0.0004625285139065074)
(-0.01677056171095711 0.020814832479031146 -0.0004541812603844976)
(-0.016313952120755357 0.020428283927646326 -0.0004457467409885514)
(-0.015860733146503193 0.020037765475048104 -0.0004372255980399765)
(-0.015410939302580173 0.019643306860728578 -0.0004286184804567989)
(-0.014964604842528996 0.01924493812423847 -0.0004199260437043471)
(-0.014521763756446834 0.018842689602899393 -0.0004111489497453336)
(-0.014082449768396925 0.01843659192949361 -0.0004022878669894451)
(-0.013646696333840335 0.01802667602993123 -0.00039334347024244074)
(-0.013214536637088178 0.017612973120895048 -0.00038431644065476224)
(-0.012786003588774552 0.017195514707463312 -0.0003752074656696624)
(-0.012361129823350211 0.01677433258071047 -0.00036601723897085336)
(-0.0121435157017045 0.016560483778953906 -0.0003613510415171215)
(-0.011922202547539177 0.016350465437503108 -0.00035676842500459)
(-0.011697257774984905 0.01614434152997937 -0.00035227078534264125)
(-0.011468749904398494 0.01594217484372169 -0.00034785949255588595)
(-0.011236748541490921 0.015744026960661132 -0.00034353589036683995)
(-0.01100132435612478 0.01554995823856238 -0.00033930129578661387)
(-0.010762549060787552 0.015360027792638177 -0.00033515699871373826)
(-0.01052049538874725 0.015174293477542247 -0.00033110426154124833)
(-0.010275237071897203 0.01499281186974621 -0.0003271443187721463)
(-0.0100268488182966 0.014815638250305855 -0.0003232783766433606)
(-0.009775406289413684 0.014642826588021993 -0.00031950761275831405)
(-0.009520986077078528 0.01447442952300101 -0.000315833175728214)
(-0.009263665680152423 0.014310498350620208 -0.00031225618482217494)
(-0.009003523480921006 0.01415108300590274 -0.0003087777296262781)
(-0.008740638721218202 0.01399623204830689 -0.0003053988697116725)
(-0.008475091478288453 0.013845992646934422 -0.00030212063431181993)
(-0.008206962640394357 0.013700410566162393 -0.00029894402200898024)
(-0.007936333882177371 0.013559530151702895 -0.0002958700004300334)
(-0.007663287639778881 0.01342339431709491 -0.00029289950595173103)
(-0.007387907085729374 0.013292044530632431 -0.00029003344341546703)
(-0.007110276103613294 0.013165520802732837 -0.00028727268585165415)
(-0.006830479262517261 0.013043861673749305 -0.0002846180742137904)
(-0.006548601791269532 0.012927104202231062 -0.00028207041712229644)
(-0.006264729552478447 0.012815283953634989 -0.00027963049061820205)
(-0.005978949016377881 0.01270843498949203 -0.0002772990379267564)
(-0.005691347234487542 0.01260658985703174 -0.00027507676923103485)
(-0.005402011813096266 0.012509779579268058 -0.0002729643614556094)
(-0.005111030886576255 0.012418033645549413 -0.000270962458060352)
(-0.004818493090536524 0.012331380002575982 -0.0002690716688444297)
(-0.00452448753482363 0.012249845045886843 -0.00026729256976055414)
(-0.004229103776377929 0.012173453611819653 -0.00026562570273954073)
(-0.003932431791953691 0.012102228969945247 -0.00026407157552523137)
(-0.003634561950711306 0.012036192815979509 -0.00026263066151983075)
(-0.003335584986689946 0.011975365265174646 -0.0002613033996397034)
(-0.003035591971169099 0.011919764846191885 -0.0002600901941816755)
(-0.002734674284927398 0.011869408495457453 -0.00025899141469988205)
(-0.0024329235904071156 0.011824311552003601 -0.0002580073958931973)
(-0.0021304318037929392 0.01178448775279617 -0.00025713843750328226)
(-0.0018272910670133712 0.011749949228550183 -0.00025638480422328033)
(-0.0015235937196734287 0.0117207065000347 -0.00025574672561718906)
(-0.0012194322709270858 0.011696768474868119 -0.00025522439604993327)
(-0.0009148993712981093 0.011678142444804784 -0.00025481797462815884)
(-0.00061008778445781 0.011664834083513894 -0.000254527585151768)
(-0.0003050903589683156 0.011656847444851225 -0.00025435331607620847)
(0.0 0.011654184961624273 -0.00025429522048552874)
(7.769634475059787e-05 0.011654863007352736 -0.00025431001549595516)
(0.0001553690224419233 0.01165689693799883 -0.00025435439602053097)
(0.00023299437322391942 0.011660286134007576 -0.0002544283485405185)
(0.0003105487516627644 0.011665029562997038 -0.0002545318505292637)
(0.0003880085339434995 0.011671125780072795 -0.0002546648704590582)
(0.00046535012506607236 0.011678572928268072 -0.0002548273678107428)
(0.0005425499660326022 0.011687368739109383 -0.00025501929308605)
(0.000619584541023679 0.011697510533307542 -0.00025524058782268165)
(0.0006964303845615099 0.011708995221573789 -0.00025549118461211737)
(0.0007730640886577305 0.011721819305560825 -0.0002557710071201474)
(0.0008494623099437062 0.011735978878928435 -0.0002560799701101252)
(0.0009256017767811466 0.011751469628533406 -0.000256417979468931)
(0.001001459296350874 0.011768286835743347 -0.0002567849322356397)
(0.0010770117617175789 0.01178642537787403 -0.0002571807166328838)
(0.0011522361588684172 0.011805879729749807 -0.00025760521210090184)
(0.0012271095737233018 0.011826643965386642 -0.0002580582893342622)
(0.0013016091991147533 0.01184871175979721 -0.0002585398103212504)
(0.0013757123417351825 0.011872076390917558 -0.0002590496283859093)
(0.0014493964290494949 0.011896730741654708 -0.0002595875882327176)
(0.0015226390161709 0.011922667302054595 -0.0002601535259938947)
(0.0015954177926978444 0.011949878171589668 -0.0002607472692793162)
(0.0016677105895099736 0.011978355061565468 -0.00026136863722902556)
(0.001739495385521063 0.012008089297645448 -0.00026201744056832604)
(0.0018107503143868523 0.012039071822493254 -0.00026269348166543533)
(0.0018814536711657475 0.012071293198531684 -0.0002633965545916864)
(0.0019515839189303543 0.012104743610817462 -0.0002641264451842549)
(0.002021119695327837 0.012139412870030963 -0.0002648829311113959)
(0.0020900398190870973 0.012175290415579982 -0.0002656657819401677)
(0.002158323296470793 0.012212365318816592 -0.00026647475920662427)
(0.0022259493276702356 0.012250626286366114 -0.00026730961648845336)
(0.003654072796461342 0.013045693971508074 -0.00028465805509311364)
(0.005132321202579626 0.013810781734707782 -0.00030135232947388796)
(0.006660694546025087 0.014545889575965235 -0.00031739243963077634)
(0.008239192826797729 0.015251017495280439 -0.0003327783855637788)
(0.009867816044897542 0.015926165492653382 -0.0003475101672728952)
(0.011546564200324539 0.016571333568084073 -0.0003615877847581257)
(0.013275437293078708 0.01718652172157251 -0.0003750112380194702)
(0.015054435323160056 0.017771729953118695 -0.00038778052705692876)
(0.016883558290568583 0.01832695826272263 -0.00039989565187050147)
(0.018762806195304287 0.018852206650384302 -0.000411356612460188)
(0.020692179037367166 0.019347475116103727 -0.0004221634088259887)
(0.022671676816757226 0.019812763659880897 -0.00043231604096790347)
(0.024701299533474462 0.02024807228171581 -0.00044181450888593215)
(0.026781047187518878 0.02065340098160847 -0.000450658812580075)
(0.028910919778890463 0.02102874975955888 -0.0004588489520503319)
(0.031090917307589234 0.021374118615567036 -0.0004663849272967028)
(0.03332103977361518 0.021689507549632937 -0.0004732667383191877)
(0.0356012871769683 0.021974916561756583 -0.0004794943851177867)
) 
);

boundary
(
    inlet
    {
        type patch;
        faces
        (
            (0 1 6 0)
        );
    }
    outlet-1
    {
        type patch;
        faces
        (
            (10 13 9 10)
 (12 9 13 15)
        );
    }
    outlet-2
    {
        type patch;
        faces
        (
             (11 12 15 14)
        );
    }
    nozzle
    {
        type wall;
        faces
        (
            (1 2 7 6)
 (2 3 8 7)
 (3 11 14 8)
 );
    }
    wedge1
    {
        type wedge;
        faces
        (
            (0 5 2 1)
 (5 4 3 2)
 (4 10 9 3)
 (3 9 12 11)
 );
    }
    wedge2
    {
        type wedge;
        faces
        (
            (0 6 7 5)
 (5 7 8 4)
 (4 8 13 10)
 (8 14 15 13)
   );
    }
);
 
 // ************************************************************************* //